mean_fit_time,std_fit_time,mean_score_time,std_score_time,param_n_estimators,param_max_depth,param_learning_rate,params,split0_test_score,split1_test_score,split2_test_score,split3_test_score,split4_test_score,mean_test_score,std_test_score,rank_test_score
91.45463485717774,0.7229582563763106,0.1406337261199951,0.016891727883161088,200,10,0.2,"{'n_estimators': 200, 'max_depth': 10, 'learning_rate': 0.2}",0.7044426357296516,0.7114427167992552,0.7032405467511275,0.7075718129216525,0.7072789493886303,0.7067953323180635,0.0028497954936709665,5
181.92084422111512,0.8323594200650083,0.24985976219177247,0.01136870582145942,400,10,0.1,"{'n_estimators': 400, 'max_depth': 10, 'learning_rate': 0.1}",0.7014269462179392,0.7120936098786542,0.6982390302349302,0.703373412711622,0.7063873588269887,0.7043040715740269,0.004710534904984294,10
52.57696537971496,0.44484045291341046,0.06336159706115722,0.00446756474970098,250,5,0.2,"{'n_estimators': 250, 'max_depth': 5, 'learning_rate': 0.2}",0.7179671901142438,0.7225516683277474,0.7171104608948612,0.7074101479259394,0.7203388340335917,0.7170756602592767,0.005193325190660878,3
135.82726197242738,0.8478724720902463,0.19269418716430664,0.01210678345995415,300,10,0.1,"{'n_estimators': 300, 'max_depth': 10, 'learning_rate': 0.1}",0.7022543133546195,0.7121684714024745,0.7008962733025602,0.7015102101188888,0.7087400229401148,0.7051138582237316,0.004513711039517939,9
135.42792329788207,0.6171041233723191,0.18191041946411132,0.010881597138287877,300,10,0.4,"{'n_estimators': 300, 'max_depth': 10, 'learning_rate': 0.4}",0.7000082130256706,0.708885289096719,0.6979663489571506,0.7068508204222312,0.7153377977978769,0.7058096938599296,0.006269022800498362,8
50.16717877388,0.2863394980225584,0.06473603248596191,0.0053743410449756755,400,3,0.2,"{'n_estimators': 400, 'max_depth': 3, 'learning_rate': 0.2}",0.7072525764900894,0.7145742239661113,0.7036994763503438,0.6957617818214166,0.7142946977266569,0.7071165512709235,0.007039436933350089,4
59.615550947189334,0.49981529415333326,0.07473840713500976,0.008374459479251079,200,7,0.4,"{'n_estimators': 200, 'max_depth': 7, 'learning_rate': 0.4}",0.7171390002646315,0.7294365766020365,0.7100928339341384,0.7118985671925515,0.7244019688102453,0.7185937893607206,0.007355401254021504,2
153.11932282447816,1.4038260081120475,0.17470602989196776,0.009307827193899179,350,10,0.3,"{'n_estimators': 350, 'max_depth': 10, 'learning_rate': 0.3}",0.7004976567020147,0.7136103612676494,0.6978492470007882,0.705638744345604,0.7136537266966856,0.7062499472025484,0.00652726320631035,7
89.39890866279602,1.1914026275122676,0.11707282066345215,0.005930494445078051,200,10,0.5,"{'n_estimators': 200, 'max_depth': 10, 'learning_rate': 0.5}",0.7000054863199529,0.71232586170012,0.6983964205325757,0.7058966748869685,0.7173423544140538,0.7067933595707341,0.007201079417939591,6
102.8799482345581,9.970809125182674,0.10538296699523926,0.0034772180384582373,400,7,0.1,"{'n_estimators': 400, 'max_depth': 7, 'learning_rate': 0.1}",0.7184915168189085,0.7296728737210509,0.7187635529227463,0.7221147041471808,0.7254564467872273,0.7228998188794227,0.004232466099345531,1
